1 0
3 0
3 0
3 0
3 0
3 0
3 0
4 0
4 0
4 0
5 0
5 0
6 0
7 0
8 0
8 0
10 0
10 0
10 0
10 0
10 0
11 0
11 0
13 0
15 0
16 0
16 0
16 0
19 0
20 0
27 0
28 0
28 0
29 0
29 0
33 0
37 0
40 0
49 0
52 0
53 0
57 0
66 0
85 0
89 0
89 0
98 0
101 0
117 0
123 0
147 0
155 0
158 0
0 1
3 1
4 1
4 1
4 1
4 1
6 1
6 1
7 1
10 1
12 1
13 1
17 1
18 1
18 1
20 1
23 1
23 1
24 1
24 1
25 1
25 1
26 1
37 1
38 1
41 1
50 1
63 1
68 1
74 1
77 1
93 1
103 1
108 1
0 2
1 2
5 2
5 2
5 2
7 2
7 2
9 2
9 2
9 2
9 2
9 2
9 2
9 2
9 2
9 2
10 2
10 2
11 2
18 2
19 2
19 2
20 2
22 2
23 2
29 2
29 2
29 2
29 2
32 2
37 2
39 2
42 2
43 2
43 2
48 2
52 2
55 2
55 2
58 2
59 2
86 2
86 2
99 2
106 2
116 2
122 2
122 2
136 2
137 2
143 2
150 2
159 2
0 3
0 3
0 3
0 3
1 3
2 3
2 3
4 3
4 3
5 3
5 3
5 3
5 3
5 3
7 3
7 3
11 3
11 3
11 3
11 3
11 3
13 3
15 3
15 3
15 3
16 3
17 3
18 3
21 3
28 3
28 3
30 3
47 3
47 3
50 3
52 3
52 3
52 3
52 3
65 3
89 3
89 3
93 3
105 3
107 3
113 3
113 3
114 3
140 3
140 3
148 3
151 3
0 4
3 4
3 4
6 4
6 4
6 4
6 4
6 4
6 4
6 4
11 4
12 4
12 4
15 4
18 4
23 4
24 4
28 4
32 4
32 4
37 4
45 4
50 4
53 4
54 4
60 4
62 4
64 4
68 4
94 4
117 4
159 4
0 5
0 5
0 5
0 5
2 5
2 5
3 5
3 5
6 5
8 5
8 5
11 5
13 5
15 5
16 5
16 5
17 5
22 5
25 5
39 5
50 5
50 5
50 5
52 5
53 5
56 5
58 5
65 5
89 5
113 5
123 5
127 5
129 5
1 6
3 6
4 6
5 6
9 6
11 6
12 6
12 6
12 6
13 6
15 6
17 6
17 6
18 6
20 6
20 6
20 6
21 6
22 6
23 6
24 6
35 6
45 6
56 6
71 6
89 6
91 6
94 6
95 6
101 6
103 6
105 6
109 6
125 6
125 6
133 6
0 7
11 7
11 7
13 7
13 7
14 7
15 7
17 7
19 7
19 7
19 7
19 7
22 7
23 7
26 7
29 7
36 7
36 7
39 7
39 7
43 7
44 7
49 7
50 7
54 7
59 7
61 7
64 7
65 7
73 7
75 7
77 7
79 7
86 7
86 7
89 7
90 7
93 7
94 7
104 7
104 7
127 7
138 7
6 8
7 8
15 8
16 8
18 8
24 8
25 8
25 8
27 8
27 8
28 8
43 8
49 8
52 8
57 8
59 8
60 8
64 8
66 8
66 8
69 8
72 8
72 8
79 8
87 8
88 8
91 8
110 8
110 8
110 8
135 8
147 8
2 9
2 9
7 9
7 9
7 9
7 9
15 9
16 9
20 9
23 9
29 9
29 9
36 9
37 9
39 9
42 9
42 9
42 9
42 9
43 9
43 9
44 9
44 9
50 9
51 9
55 9
58 9
70 9
70 9
73 9
77 9
80 9
86 9
92 9
92 9
100 9
106 9
106 9
119 9
120 9
139 9
149 9
0 10
6 10
7 10
11 10
12 10
14 10
14 10
14 10
14 10
14 10
14 10
14 10
17 10
24 10
26 10
28 10
29 10
49 10
49 10
49 10
49 10
49 10
58 10
63 10
78 10
85 10
85 10
85 10
131 10
131 10
7 11
12 11
15 11
15 11
16 11
16 11
19 11
24 11
24 11
27 11
28 11
28 11
28 11
29 11
45 11
46 11
47 11
47 11
50 11
54 11
57 11
57 11
63 11
64 11
66 11
66 11
66 11
75 11
79 11
79 11
79 11
80 11
83 11
88 11
89 11
94 11
97 11
99 11
100 11
113 11
113 11
116 11
117 11
127 11
131 11
138 11
147 11
147 11
2 12
3 12
11 12
17 12
17 12
24 12
28 12
29 12
38 12
38 12
40 12
40 12
49 12
51 12
51 12
55 12
56 12
63 12
63 12
64 12
68 12
79 12
82 12
91 12
101 12
105 12
129 12
129 12
142 12
156 12
11 13
12 13
16 13
22 13
24 13
26 13
40 13
42 13
51 13
52 13
54 13
61 13
86 13
112 13
113 13
119 13
10 14
11 14
36 14
37 14
47 14
78 14
79 14
81 14
81 14
85 14
85 14
85 14
85 14
93 14
97 14
97 14
133 14
134 14
138 14
163 14
2 15
5 15
24 15
28 15
28 15
36 15
47 15
47 15
49 15
57 15
64 15
66 15
70 15
74 15
79 15
79 15
84 15
89 15
103 15
114 15
129 15
135 15
140 15
140 15
147 15
148 15
148 15
5 16
7 16
10 16
11 16
11 16
15 16
22 16
28 16
28 16
28 16
28 16
28 16
32 16
47 16
50 16
50 16
52 16
54 16
57 16
57 16
65 16
79 16
79 16
86 16
89 16
107 16
111 16
113 16
113 16
135 16
140 16
145 16
18 17
19 17
21 17
23 17
23 17
32 17
32 17
45 17
51 17
51 17
53 17
57 17
57 17
68 17
79 17
91 17
100 17
116 17
120 17
142 17
1 18
12 18
13 18
16 18
32 18
37 18
45 18
48 18
68 18
79 18
82 18
99 18
118 18
119 18
125 18
163 18
7 19
18 19
34 19
34 19
36 19
39 19
43 19
43 19
43 19
46 19
49 19
55 19
58 19
58 19
58 19
70 19
73 19
73 19
74 19
76 19
84 19
86 19
86 19
86 19
100 19
100 19
101 19
104 19
106 19
106 19
120 19
126 19
130 19
14 20
19 20
19 20
23 20
28 20
42 20
45 20
46 20
54 20
59 20
103 20
17 21
17 21
17 21
27 21
35 21
61 21
104 21
141 21
2 22
9 22
9 22
14 22
29 22
34 22
37 22
43 22
44 22
48 22
121 22
122 22
4 23
6 23
16 23
18 23
24 23
24 23
38 23
39 23
45 23
51 23
54 23
62 23
63 23
68 23
91 23
108 23
116 23
128 23
3 24
9 24
12 24
18 24
20 24
29 24
37 24
49 24
58 24
60 24
68 24
71 24
91 24
99 24
101 24
103 24
108 24
117 24
130 24
133 24
137 24
10 25
28 25
40 25
57 25
57 25
64 25
90 25
96 25
107 25
148 25
9 26
11 26
34 26
36 26
48 26
139 26
4 27
7 27
11 27
12 27
25 27
40 27
50 27
59 27
60 27
68 27
74 27
90 27
96 27
96 27
100 27
5 28
11 28
14 28
17 28
18 28
19 28
24 28
32 28
36 28
37 28
50 28
51 28
58 28
65 28
66 28
79 28
89 28
89 28
91 28
95 28
96 28
108 28
116 28
117 28
129 28
132 28
132 28
135 28
135 28
137 28
141 28
147 28
148 28
7 29
9 29
14 29
19 29
43 29
43 29
48 29
48 29
48 29
55 29
55 29
58 29
73 29
75 29
77 29
80 29
80 29
85 29
85 29
104 29
117 29
121 29
140 29
144 29
7 30
17 30
24 30
37 30
41 30
55 30
136 30
13 31
16 31
25 31
49 31
92 31
103 31
107 31
144 31
145 31
12 32
29 32
35 32
35 32
36 32
51 32
56 32
82 32
89 32
91 32
116 32
116 32
0 33
10 33
11 33
14 33
47 33
47 33
78 33
78 33
78 33
111 33
128 33
128 33
131 33
131 33
134 33
134 33
134 33
134 33
7 34
9 34
39 34
42 34
70 34
74 34
74 34
130 34
162 34
17 35
32 35
47 35
47 35
51 35
56 35
56 35
68 35
68 35
101 35
143 35
8 36
29 36
42 36
58 36
77 36
100 36
100 36
105 36
106 36
109 36
110 36
112 36
148 36
18 37
20 37
20 37
54 37
58 37
76 37
89 37
94 37
104 37
105 37
108 37
157 37
28 38
42 38
47 38
48 38
84 38
116 38
123 38
19 39
19 39
34 39
34 39
34 39
42 39
42 39
46 39
55 39
55 39
58 39
76 39
76 39
77 39
80 39
100 39
106 39
112 39
121 39
122 39
144 39
24 40
35 40
38 40
54 40
57 40
63 40
86 40
101 40
5 41
8 41
29 41
98 41
19 42
44 42
50 42
54 42
58 42
58 42
65 42
74 42
74 42
86 42
86 42
92 42
100 42
106 42
121 42
121 42
122 42
9 43
9 43
9 43
42 43
42 43
49 43
58 43
80 43
80 43
86 43
92 43
96 43
104 43
104 43
104 43
106 43
136 43
136 43
141 43
149 43
157 43
19 44
29 44
31 44
39 44
42 44
55 44
74 44
76 44
139 44
6 45
18 45
23 45
34 45
37 45
46 45
99 45
105 45
105 45
61 46
86 46
106 46
113 46
122 46
138 46
164 46
17 47
23 47
32 47
53 47
57 47
60 47
72 47
73 47
76 47
89 47
97 47
101 47
110 47
124 47
143 47
146 47
148 47
7 48
19 48
43 48
70 48
80 48
82 48
87 48
106 48
130 48
20 49
47 49
50 49
74 49
93 49
93 49
93 49
93 49
100 49
119 49
122 49
124 49
128 49
131 49
138 49
139 49
141 49
17 50
36 50
46 50
56 50
56 50
65 50
88 50
89 50
89 50
113 50
113 50
124 50
124 50
132 50
148 50
12 51
28 51
32 51
32 51
53 51
56 51
91 51
91 51
141 51
141 51
0 52
7 52
11 52
11 52
11 52
15 52
16 52
16 52
16 52
25 52
28 52
65 52
79 52
88 52
96 52
123 52
124 52
138 52
28 53
32 53
116 53
124 53
162 53
77 54
99 54
108 54
117 54
119 54
19 55
42 55
58 55
73 55
74 55
77 55
79 55
86 55
100 55
100 55
104 55
108 55
130 55
130 55
130 55
57 56
59 56
63 56
65 56
101 56
133 56
8 57
24 57
28 57
32 57
64 57
65 57
72 57
75 57
89 57
95 57
96 57
117 57
123 57
129 57
139 57
147 57
54 58
55 58
74 58
80 58
86 58
92 58
104 58
104 58
106 58
106 58
112 58
122 58
130 58
136 58
164 58
27 59
34 59
50 59
64 59
64 59
66 59
90 59
90 59
90 59
90 59
105 59
133 59
19 60
25 60
27 60
57 60
64 60
72 60
72 60
90 60
135 60
2 61
11 61
55 61
90 61
34 62
118 62
136 62
11 63
32 63
32 63
32 63
43 63
62 63
68 63
27 64
27 64
27 64
27 64
60 64
60 64
72 64
90 64
90 64
95 64
96 64
110 64
110 64
147 64
46 65
47 65
49 65
49 65
66 65
82 65
117 65
122 65
124 65
124 65
132 65
138 65
138 65
140 65
147 65
15 66
28 66
50 66
65 66
79 66
88 66
88 66
88 66
96 66
124 66
132 66
132 66
132 66
147 66
148 66
69 67
87 67
87 67
87 67
87 67
87 67
95 67
95 67
95 67
95 67
98 67
102 67
102 67
102 67
109 67
109 67
109 67
109 67
23 68
43 68
55 68
133 68
141 68
143 68
47 69
60 69
60 69
67 69
67 69
72 69
72 69
96 69
102 69
7 70
43 70
57 70
128 70
139 70
36 71
62 71
62 71
62 71
62 71
112 71
118 71
25 72
25 72
27 72
27 72
66 72
96 72
99 72
39 73
43 73
58 73
80 73
84 73
86 73
133 73
147 73
28 74
108 74
125 74
129 74
136 74
138 74
139 74
139 74
20 75
34 75
36 75
39 75
55 75
65 75
112 75
34 76
34 76
55 76
83 76
104 76
136 76
136 76
39 77
42 77
74 77
84 77
86 77
96 77
122 77
10 78
14 78
65 78
97 78
97 78
97 78
97 78
131 78
50 79
50 79
54 79
63 79
65 79
66 79
89 79
89 79
113 79
117 79
123 79
124 79
124 79
127 79
133 79
140 79
148 79
148 79
42 80
43 80
58 80
58 80
100 80
121 80
121 80
10 81
49 81
78 81
63 82
68 82
91 82
122 82
129 82
138 82
160 82
72 83
107 83
145 83
145 83
43 84
55 84
100 84
0 85
7 85
10 85
14 85
49 85
49 85
49 85
49 85
49 85
78 85
131 85
42 86
42 86
58 86
73 86
74 86
76 86
84 86
99 86
100 86
139 86
139 86
67 87
95 87
98 87
98 87
102 87
102 87
109 87
109 87
160 87
47 88
50 88
50 88
66 88
89 88
98 88
137 88
140 88
148 88
49 89
65 89
82 89
124 89
132 89
137 89
140 89
147 89
59 90
59 90
59 90
69 90
96 90
104 90
110 90
110 90
138 90
68 91
98 91
103 91
116 91
129 91
133 91
142 91
34 92
112 92
112 92
56 93
104 93
45 94
91 94
99 94
105 94
125 94
138 94
98 95
109 95
109 95
135 95
139 95
11 96
59 96
60 96
65 96
100 96
49 97
65 97
111 97
128 97
146 97
146 97
46 100
86 100
103 100
104 100
112 100
130 100
138 100
38 101
56 101
100 101
105 101
129 101
129 101
133 101
143 101
67 102
87 102
95 102
95 102
95 102
109 102
68 103
114 103
125 103
139 103
42 104
58 104
92 104
92 104
121 104
121 104
130 104
149 104
23 105
75 105
82 105
39 106
43 106
43 106
43 106
58 106
76 106
80 106
86 106
92 106
122 106
46 107
83 107
90 107
118 107
145 107
18 108
45 108
105 108
67 109
67 109
87 109
95 109
98 109
102 109
102 109
102 109
112 109
27 110
59 110
74 110
87 110
90 110
88 111
106 111
131 111
46 112
86 112
122 112
132 113
135 113
135 113
38 114
57 114
27 115
37 116
68 116
68 116
91 116
101 116
101 116
129 116
133 116
141 116
142 116
16 117
73 117
135 117
60 118
82 118
126 118
23 119
105 119
73 120
100 121
73 123
89 123
124 123
142 123
28 124
50 124
113 124
135 124
94 125
119 125
59 126
71 126
100 126
118 126
25 127
96 127
100 127
134 128
82 129
86 130
106 130
78 131
93 131
97 131
134 131
146 131
89 132
117 132
135 132
138 132
147 132
47 134
111 134
111 134
111 134
132 134
132 135
93 136
106 136
68 137
124 137
124 138
135 138
122 139
50 140
50 140
88 140
124 140
138 140
147 140
101 142
129 142
37 143
137 143
16 144
105 144
31 145
31 145
83 145
144 145
50 147
113 147
124 147
124 147
28 148
65 148
88 148
113 148
113 148
138 148
138 148
147 148
73 149
1 150
2 150
2 150
3 150
4 150
6 150
14 150
15 150
16 150
68 150
114 150
2 151
9 151
9 151
11 151
30 151
45 151
55 151
74 151
110 151
115 151
0 152
18 152
43 152
44 152
0 153
1 153
13 153
17 153
6 154
32 154
39 154
105 154
1 155
11 155
47 155
136 155
7 156
54 156
28 157
23 158
46 158
73 158
115 158
126 158
9 159
31 159
42 159
2 161
3 161
8 161
38 161
111 161
130 161
87 163
39 164
73 164
80 164
